eye_on_hand: false
robot_base_frame: base
tracking_base_frame: camera_color_frame
transformation:
  qw: 0.2611136752701414
  qx: -0.7034667428199276
  qy: 0.5937854722528132
  qz: -0.29047031393026146
  x: -1.5272390682996813
  y: 0.15244140787698218
  z: 0.7484177692773535
