translation: 
  x: -0.00170658337049
  y: -1.32541436532
  z: 0.781419850265
rotation: 
  x: -0.821331469403
  y: -0.0741497091563
  z: -0.0257954860021
  w: 0.565023035727
